0.597236 0.5915462 0.5316143 0.4645621 0.5041374 0.5893503 0.6054077 0.5217727 0.4114146 0.42664
0.5685043 0.5530733 0.4960983 0.4032481 0.4387363 0.5281042 0.5314882 0.4674801 0.3895356 0.4237735
0.4524546 0.498207 0.5248683 0.4661769 0.4680732 0.4775862 0.4537093 0.4432415 0.4318725 0.4582063
0.3443565 0.4693306 0.570565 0.5401121 0.4617457 0.4071675 0.4271228 0.4824252 0.5237936 0.5286265
0.2724787 0.4245995 0.5692246 0.5686397 0.452632 0.408284 0.49842 0.5941308 0.6264801 0.5904095
0.3087879 0.416041 0.5227879 0.5360235 0.4834834 0.50152 0.58756 0.6335683 0.6308939 0.6153802
0.4569831 0.4576928 0.4686544 0.4941334 0.5258914 0.5668924 0.5709185 0.5347593 0.5372803 0.5810047
0.584977 0.5475145 0.5246414 0.5646249 0.5806809 0.5368447 0.4431572 0.39624 0.4360539 0.4877018
0.6005463 0.5842102 0.5780961 0.6211566 0.5991278 0.5050652 0.3850259 0.3648124 0.4022823 0.3982152
0.5924572 0.5577339 0.554476 0.6002513 0.5951076 0.5298308 0.446567 0.4605578 0.4746384 0.4026043
