0.4595191 0.4490442 0.4222875 0.4343318 0.5480627 0.6135248 0.5950988 0.5789683 0.5046441 0.4353405
0.3843049 0.4050777 0.4499783 0.4522349 0.5032867 0.580366 0.5660014 0.5008499 0.4338122 0.4201354
0.3786717 0.4060001 0.457792 0.4712546 0.538029 0.6280183 0.5763188 0.4280894 0.3479476 0.3951362
0.4282514 0.3924465 0.3886342 0.4305616 0.5674793 0.6659051 0.5890632 0.4351233 0.331291 0.3534697
0.4445488 0.3692439 0.3409847 0.3905423 0.5265831 0.6096747 0.5497322 0.4561453 0.3492783 0.3316373
0.4001281 0.3461956 0.3567936 0.4111525 0.5020061 0.5598663 0.5251197 0.483861 0.4001153 0.3576828
0.4499235 0.3916068 0.3961522 0.4287755 0.5143193 0.572467 0.5397713 0.5081854 0.4785733 0.4712079
0.5226536 0.4630751 0.4289014 0.4204859 0.5001703 0.5598188 0.5179442 0.456515 0.4896099 0.5987009
0.5123268 0.4935217 0.4652288 0.4435796 0.4964549 0.5537184 0.5229921 0.4340266 0.4758065 0.6262828
0.466314 0.474411 0.4690642 0.4832116 0.5166072 0.5526434 0.531877 0.4159917 0.4027843 0.4926637
