0.5592952 0.5491836 0.5296701 0.496244 0.4654108 0.4442592 0.4238704 0.4364171 0.5059014 0.5747095
0.4893463 0.4906799 0.4923405 0.4646975 0.4303865 0.4173957 0.4294051 0.4664659 0.5246395 0.5835457
0.466012 0.4970458 0.5327205 0.551489 0.5177663 0.4913764 0.5226552 0.5107873 0.4587919 0.4731798
0.441939 0.4712764 0.4940603 0.5615253 0.5752597 0.5499471 0.5690313 0.5370332 0.438861 0.3813687
0.4277429 0.4275411 0.4152402 0.5038383 0.5619577 0.5196055 0.5240301 0.5444403 0.4976517 0.3969018
0.4598269 0.4542571 0.4184262 0.4714985 0.4843165 0.3958678 0.4129397 0.5227338 0.5565292 0.47271
0.5237321 0.5275795 0.481532 0.4679159 0.3973928 0.2969637 0.3308598 0.4873405 0.5910034 0.5465483
0.5385883 0.5845124 0.5488574 0.5048045 0.438016 0.3891892 0.4144323 0.5171126 0.623841 0.619898
0.4420114 0.5493846 0.5600476 0.5343707 0.5445289 0.5845804 0.6127937 0.6172792 0.6327844 0.6121789
0.3332189 0.44937 0.509479 0.5182168 0.5524626 0.6132812 0.6702874 0.6616906 0.6128986 0.5370472
